Run semi-empirical minimization
 &qmmm
    qm_theory='AM1', grms_tol=0.0005,
 scfconv=1.d-10, ndiis_attempts=700,   qmcharge=0,
 /
   6    C1       -3.0990       -1.7170        0.3130 
   7    N1       -2.8140       -0.2930        0.3620 
   6    C2       -1.3630        0.0140        0.4210 
   6    C3       -0.6050       -0.3310       -0.8770 
   6    C4        0.8880       -0.1100       -0.7740 
   6    C5        1.4800        1.0200       -1.3530 
   6    C6        2.8560        1.2310       -1.2440 
   6    C7        3.6500        0.3170       -0.5560 
   6    C8        3.0700       -0.8100        0.0250 
   6    C9        1.6950       -1.0230       -0.0820 
   6   C10       -1.2280        1.5200        0.6750 
   8    O1       -1.6090        2.4160       -0.0660 
   8    O2       -0.6370        1.8130        1.8510 
   1    H1       -2.7780       -2.1700       -0.6290 
   1    H2       -2.6290       -2.2470        1.1470 
   1    H3       -4.1800       -1.8700        0.3970 
   1    H4       -3.2260        0.1820       -0.4430 
   1    H5       -0.9220       -0.5130        1.2770 
   1    H6       -0.7580       -1.3830       -1.1470 
   1    H7       -1.0040        0.2510       -1.7190 
   1    H8        0.8740        1.7480       -1.8900 
   1    H9        3.3070        2.1110       -1.6960 
   1   H10        4.7210        0.4820       -0.4710 
   1   H11        3.6900       -1.5220        0.5630 
   1   H12        1.2600       -1.9070        0.3780 
   1   H13       -0.6390        2.7910        1.8780 

